# energy [MeV] vs. diff. cs per electron [Mbarn / MeV]
2.05925e-06  0
2.18127e-06  0
2.31052e-06  0
2.44743e-06  0
2.59245e-06  0
2.74606e-06  0
2.90877e-06  0
3.08113e-06  0
3.2637e-06  0
3.45708e-06  0
3.66193e-06  0
3.87891e-06  0
4.10875e-06  0
4.35221e-06  0
4.61009e-06  0
4.88326e-06  0
5.17261e-06  0
5.47911e-06  0
5.80377e-06  0
6.14766e-06  0
6.51193e-06  0
6.89779e-06  0
7.30651e-06  0
7.73945e-06  0
8.19804e-06  0
8.6838e-06  0
9.19835e-06  0
9.74338e-06  0
1.03207e-05  0
1.09323e-05  0
1.158e-05  0
1.22662e-05  0
1.2993e-05  0
1.37629e-05  68.4204
1.45784e-05  220.851
1.54422e-05  650.507
1.63572e-05  2931.7
1.73265e-05  3077.11
1.83531e-05  3209.22
1.94406e-05  3187.52
2.05925e-05  3034.24
2.18127e-05  2848.19
2.31052e-05  2633.97
2.44743e-05  2418.29
2.59245e-05  2186.98
2.74606e-05  1945.11
2.90877e-05  1688.73
3.08113e-05  1426.89
3.2637e-05  1165.2
3.45708e-05  938.07
3.66193e-05  725.525
3.87891e-05  498.265
4.10875e-05  339.507
4.35221e-05  256.989
4.61009e-05  212.361
4.88326e-05  183.433
5.17261e-05  159.344
5.47911e-05  140
5.80377e-05  124.13
6.14766e-05  111.147
6.51193e-05  100.023
6.89779e-05  89.4658
7.30651e-05  80.0078
7.73945e-05  71.2941
8.19804e-05  63.3482
8.6838e-05  56.047
9.19835e-05  49.6498
9.74338e-05  43.9396
0.000103207  38.4156
0.000109323  33.5008
0.0001158  29.2582
0.000122662  25.3647
0.00012993  21.855
0.000137629  18.8681
0.000145784  16.3872
0.000154422  14.2591
0.000163572  12.4176
0.000173265  10.818
0.000183531  9.37187
0.000194406  8.04412
0.000205925  6.85637
0.000218127  5.86418
0.000231052  5.03939
0.000244743  8.71097
0.000259245  19.2508
0.000274606  15.8668
0.000290877  14.0022
0.000308113  12.2407
0.00032637  10.8703
0.000345708  9.45429
0.000366193  7.87866
0.000387891  6.61556
0.000410875  5.55694
0.000435221  4.6857
0.000461009  3.98509
0.000488326  3.39404
0.000517261  2.89341
0.000547911  2.82698
0.000580377  2.55209
0.000614766  2.14873
0.000651193  1.80699
0.000689779  1.52171
0.000730651  1.28612
0.000773945  1.08478
0.000819804  0.913465
0.00086838  0.770917
0.000919835  0.652992
0.000974338  0.553522
0.00103207  0.470082
0.00109323  0.399916
0.001158  0.341
0.00122662  0.291492
0.0012993  0.249643
0.00137629  0.21427
0.00145784  0.184375
0.00154422  0.15914
0.00163572  0.137722
0.00173265  0.119435
0.00183531  0.103748
0.00194406  0.0902924
0.00205925  0.0787291
0.00218127  0.0687486
0.00231052  0.0601231
0.00244743  0.0526565
0.00259245  0.0461797
0.00274606  0.0405509
0.00290877  0.0356505
0.00308113  0.0313775
0.0032637  0.0414904
0.00345708  0.0386153
0.00366193  0.0331814
0.00387891  0.0285543
0.00410875  0.0246121
0.00435221  0.0212508
0.00461009  0.0183814
0.00488326  0.0159272
0.00517261  0.0138266
0.00547911  0.0120251
0.00580377  0.0104771
0.00614766  0.00914358
0.00651193  0.00799334
0.00689779  0.00699871
0.00730651  0.00613703
0.00773945  0.00538911
0.00819804  0.00473858
0.0086838  0.00417169
0.00919835  0.00367685
0.00974338  0.00324411
0.0103207  0.0028651
0.0109323  0.00253261
0.01158  0.00224055
0.0122662  0.00198362
0.012993  0.00175733
0.0137629  0.00155782
0.0145784  0.00138171
0.0154422  0.00122612
0.0163572  0.00108854
0.0173265  0.000966781
0.0183531  0.000858952
0.0194406  0.000763394
0.0205925  0.000678664
0.0218127  0.000603496
0.0231052  0.00053678
0.0244743  0.000477538
0.0259245  0.000424912
0.0274606  0.000378148
0.0290877  0.000336579
0.0308113  0.000299637
0.032637  0.000266794
0.0345708  0.000237568
0.0366193  0.000211557
0.0387891  0.000188404
0.0410875  0.000167793
0.0435221  0.000149443
0.0461009  0.000133103
0.0488326  0.000118554
0.0517261  0.000105597
0.0547911  9.40573e-05
0.0580377  8.378e-05
0.0614766  7.46262e-05
0.0651193  6.64727e-05
0.0689779  5.92101e-05
0.0730651  5.27408e-05
0.0773945  4.69779e-05
0.0819804  4.18443e-05
0.086838  3.72711e-05
0.0919835  3.31972e-05
0.0974338  2.9568e-05
0.103207  2.63349e-05
0.109323  2.34547e-05
0.1158  2.08889e-05
0.122662  1.86032e-05
0.12993  1.6567e-05
0.137629  1.47531e-05
0.145784  1.31372e-05
0.154422  1.16978e-05
0.163572  1.04156e-05
0.173265  9.2734e-06
0.183531  8.25601e-06
0.194406  7.3498e-06
